% This the M-file containing the engine map.

%
% Jianlong Zhang
% Department of Electrical Engineering-Systems
% University of Southern California
% June 09, 2005
%

% We[rad/s] Tnet[N-m] maod[g/s] Pm[kPa] alp[deg] 
 
tabledata=[52.00 -63.58   4.07  10.00   0.00;
 52.00 -51.62   2.22  16.43   0.00;
 52.00 -28.53   1.96  22.86   0.00;
 52.00   2.19   2.78  29.29   1.43;
 52.00  29.42   2.88  35.71   2.45;
 52.00  57.09   3.87  42.14   3.19;
 52.00  76.47   4.34  48.57   3.81;
 52.00  92.72   4.23  55.00   4.47;
 52.00 112.44   4.68  61.43   5.08;
 52.00 134.69   5.80  67.86   5.91;
 52.00 156.38   6.92  74.29   6.70;
 52.00 179.84   8.55  80.71   7.76;
 52.00 206.36  11.09  87.14  10.54;
 52.00 229.02  12.41  93.57  25.23;
 52.00 255.31  14.87 100.00  64.59;
 85.38 -64.91   2.89  10.00   0.00;
 85.38 -54.70   1.85  16.43   0.00;
 85.38 -25.76   3.17  22.86   0.00;
 85.38   6.27   4.22  29.29   2.85;
 85.38  34.48   4.97  35.71   3.81;
 85.38  58.36   6.17  42.14   4.65;
 85.38  77.27   7.19  48.57   5.43;
 85.38  93.43   7.64  55.00   6.21;
 85.38 113.25   8.83  61.43   6.99;
 85.38 133.49   9.99  67.86   7.97;
 85.38 156.51  11.83  74.29   9.06;
 85.38 181.37  14.18  80.71  10.36;
 85.38 207.77  17.25  87.14  12.31;
 85.38 236.27  20.89  93.57  26.50;
 85.38 265.19  24.71 100.00  74.22;
118.75 -64.28   2.14  10.00   0.00;
118.75 -51.81   2.14  16.43   0.00;
118.75 -23.09   4.07  22.86   0.00;
118.75   7.30   5.59  29.29   3.93;
118.75  35.50   7.19  35.71   5.18;
118.75  58.19   8.77  42.14   6.01;
118.75  75.98   9.98  48.57   6.99;
118.75  91.56  10.71  55.00   7.86;
118.75 109.74  12.26  61.43   8.83;
118.75 129.16  13.84  67.86   9.88;
118.75 151.33  15.89  74.29  11.15;
118.75 176.45  18.39  80.71  12.96;
118.75 204.81  21.99  87.14  14.51;
118.75 236.23  27.36  93.57  28.79;
118.75 269.02  32.99 100.00  85.00;
152.13 -61.53   1.83  10.00   0.00;
152.13 -47.24   2.61  16.43   0.00;
152.13 -20.30   5.04  22.86   0.00;
152.13   9.84   7.34  29.29   5.08;
152.13  36.90   9.62  35.71   6.48;
152.13  57.34  11.45  42.14   7.30;
152.13  74.19  12.77  48.57   8.50;
152.13  90.89  14.17  55.00   9.48;
152.13 107.88  15.86  61.43  10.55;
152.13 127.91  17.99  67.86  11.70;
152.13 149.38  20.64  74.29  13.11;
152.13 176.06  24.02  80.71  15.19;
152.13 206.67  28.45  87.14  17.33;
152.13 239.09  34.45  93.57  31.45;
152.13 273.22  42.06 100.00  85.00;
185.50 -59.58   1.62  10.00   0.00;
185.50 -42.64   3.20  16.43   0.00;
185.50 -15.45   6.41  22.86   1.23;
185.50  14.25   9.40  29.29   6.27;
185.50  38.75  12.12  35.71   7.67;
185.50  56.84  14.14  42.14   8.58;
185.50  74.66  16.01  48.57   9.97;
185.50  91.33  18.00  55.00  11.03;
185.50 108.50  20.15  61.43  12.19;
185.50 129.15  22.95  67.86  13.45;
185.50 151.70  26.27  74.29  15.01;
185.50 179.70  30.60  80.71  17.32;
185.50 211.18  35.97  87.14  20.06;
185.50 243.86  42.76  93.57  32.85;
185.50 277.58  51.19 100.00  85.00;
218.88 -58.20   1.46  10.00   0.00;
218.88 -38.65   3.88  16.43   0.00;
218.88  -8.01   8.00  22.86   2.96;
218.88  20.26  11.74  29.29   7.49;
218.88  40.75  14.59  35.71   8.84;
218.88  57.89  17.00  42.14   9.98;
218.88  77.37  19.91  48.57  11.36;
218.88  96.05  22.82  55.00  12.50;
218.88 112.11  25.26  61.43  13.78;
218.88 134.23  28.95  67.86  15.17;
218.88 158.14  33.09  74.29  16.88;
218.88 185.95  38.12  80.71  19.39;
218.88 216.62  44.28  87.14  22.75;
218.88 248.72  51.71  93.57  36.42;
218.88 282.17  60.47 100.00  85.00;
252.25 -55.53   1.66  10.00   0.00;
252.25 -33.77   4.82  16.43   0.00;
252.25  -1.97   9.80  22.86   4.71;
252.25  25.52  14.19  29.29   8.61;
252.25  44.60  17.65  35.71  10.04;
252.25  62.94  20.96  42.14  11.32;
252.25  82.45  24.64  48.57  12.69;
252.25 101.43  28.20  55.00  13.95;
252.25 120.94  31.88  61.43  15.31;
252.25 143.25  36.28  67.86  16.84;
252.25 167.18  41.11  74.29  18.64;
252.25 193.78  46.63  80.71  21.30;
252.25 223.14  53.21  87.14  25.17;
252.25 253.93  61.09  93.57  40.52;
252.25 286.73  70.46 100.00  85.00;
285.63 -52.56   2.21  10.00   0.00;
285.63 -28.72   6.15  16.43   0.00;
285.63   1.67  11.86  22.86   6.13;
285.63  28.53  17.11  29.29   9.66;
285.63  49.45  21.56  35.71  11.21;
285.63  69.22  25.84  42.14  12.57;
285.63  88.66  30.08  48.57  13.94;
285.63 108.92  34.55  55.00  15.31;
285.63 129.99  39.20  61.43  16.79;
285.63 152.49  44.30  67.86  18.45;
285.63 176.40  49.78  74.29  20.40;
285.63 202.29  55.95  80.71  23.08;
285.63 230.06  62.87  87.14  27.60;
285.63 259.61  71.18  93.57  43.78;
285.63 291.11  80.75 100.00  85.00;
319.00 -50.82   2.91  10.00   0.00;
319.00 -25.65   7.71  16.43   0.00;
319.00   3.94  14.17  22.86   7.38;
319.00  31.10  20.46  29.29  10.65;
319.00  53.75  25.88  35.71  12.32;
319.00  74.27  30.88  42.14  13.72;
319.00  94.05  35.80  48.57  15.14;
319.00 115.10  40.99  55.00  16.60;
319.00 137.04  46.45  61.43  18.19;
319.00 159.96  52.24  67.86  19.98;
319.00 183.92  58.51  74.29  22.09;
319.00 209.54  65.37  80.71  24.69;
319.00 236.53  72.88  87.14  30.19;
319.00 264.69  81.56  93.57  46.56;
319.00 294.07  90.99 100.00  85.00;
352.38 -50.70   3.65  10.00   0.00;
352.38 -24.05   9.60  16.43   0.00;
352.38   4.79  16.48  22.86   8.71;
352.38  31.83  23.74  29.29  11.53;
352.38  55.68  30.10  35.71  13.34;
352.38  77.58  35.92  42.14  14.78;
352.38  98.44  41.55  48.57  16.26;
352.38 120.34  47.49  55.00  17.80;
352.38 142.74  53.65  61.43  19.51;
352.38 165.91  60.12  67.86  21.42;
352.38 190.53  67.13  74.29  23.57;
352.38 215.31  74.52  80.71  26.41;
352.38 241.14  82.64  87.14  32.82;
352.38 268.15  91.77  93.57  49.52;
352.38 295.54 101.35 100.00  85.00;
385.75 -51.34   4.57  10.00   0.00;
385.75 -25.23  11.27  16.43   0.00;
385.75   4.31  18.80  22.86   9.56;
385.75  31.03  26.64  29.29  12.34;
385.75  55.44  33.98  35.71  14.29;
385.75  79.16  40.86  42.14  15.72;
385.75 100.72  46.98  48.57  17.27;
385.75 123.38  53.67  55.00  18.92;
385.75 145.71  60.34  61.43  20.74;
385.75 169.99  67.77  67.86  22.79;
385.75 193.79  75.24  74.29  25.06;
385.75 218.33  83.26  80.71  28.25;
385.75 243.88  91.99  87.14  35.73;
385.75 269.30 101.60  93.57  52.76;
385.75 295.46 111.79 100.00  85.00;
419.13 -54.35   5.21  10.00   0.00;
419.13 -27.44  13.26  16.43   0.00;
419.13   2.08  21.22  22.86  10.46;
419.13  28.79  29.38  29.29  13.05;
419.13  53.63  37.45  35.71  15.15;
419.13  78.04  45.17  42.14  16.57;
419.13 101.25  52.22  48.57  18.20;
419.13 123.84  59.29  55.00  19.94;
419.13 147.26  66.90  61.43  21.88;
419.13 170.61  74.64  67.86  24.07;
419.13 194.56  82.81  74.29  26.61;
419.13 218.15  91.31  80.71  30.22;
419.13 243.69 100.63  87.14  38.55;
419.13 267.62 110.85  93.57  56.37;
419.13 293.18 122.13 100.00  85.00;
452.50 -58.31   5.77  10.00   0.00;
452.50 -31.38  15.02  16.43   0.17;
452.50  -2.05  23.49  22.86  10.68;
452.50  25.25  31.77  29.29  13.70;
452.50  50.18  40.51  35.71  15.91;
452.50  74.94  48.89  42.14  17.32;
452.50  99.06  56.80  48.57  19.04;
452.50 122.24  64.51  55.00  20.88;
452.50 145.31  72.52  61.43  22.93;
452.50 168.98  81.00  67.86  25.26;
452.50 192.14  89.64  74.29  28.10;
452.50 215.82  98.82  80.71  32.27;
452.50 239.87 108.55  87.14  41.62;
452.50 263.52 119.68  93.57  58.51;
452.50 287.34 130.91 100.00  85.00;
485.88 -63.53   6.11  10.00   0.00;
485.88 -36.33  15.69  16.43   1.11;
485.88  -8.09  25.18  22.86  10.99;
485.88  20.01  33.60  29.29  14.27;
485.88  45.20  42.93  35.71  16.46;
485.88  70.02  51.96  42.14  17.99;
485.88  94.32  60.47  48.57  19.77;
485.88 117.61  68.77  55.00  21.72;
485.88 141.15  77.64  61.43  23.88;
485.88 164.32  86.57  67.86  26.35;
485.88 187.28  95.77  74.29  29.43;
485.88 209.87 105.45  80.71  34.36;
485.88 232.85 115.86  87.14  44.44;
485.88 256.10 127.70  93.57  62.99;
485.88 279.24 139.62 100.00  85.00;
519.25 -70.03   6.21  10.00   0.25;
519.25 -43.71  16.27  16.43   2.17;
519.25 -15.57  26.05  22.86  11.09;
519.25  12.76  34.99  29.29  14.7;
519.25  38.48  44.64  35.71  16.84;
